( -32  6  -38 1 )
( 3  18  -35 1 )
( 47  43  26 1 )
( -9  -29  -49 -1 )
( -47  -34  9 1 )
( 36  -27  44 1 )
( -5  36  34 -1 )
( 14  -16  48 -1 )
( 14  35  6 -1 )
( -20  21  -5 -1 )
( -47  -5  20 -1 )
( 5  -11  -23 -1 )
( -36  28  -35 -1 )
( 12  3  -2 -1 )
( -31  -16  8 -1 )
( -16  -3  32 -1 )
( 40  -16  -49 -1 )
( -13  -27  7 1 )
( 42  2  16 1 )
( -6  35  20 1 )
( -8  -18  -40 1 )
( -48  33  24 1 )
( 28  34  6 1 )
( 36  -20  9 -1 )
( 24  -33  18 1 )
( 49  46  43 -1 )
( 30  -24  26 1 )
( -22  -8  31 1 )
( -23  -22  2 1 )
( -8  -36  4 -1 )
( 32  -27  35 1 )
( -44  27  -18 1 )
( 31  23  22 -1 )
( 3  -7  45 1 )
( -19  -1  0 1 )
( 17  3  8 -1 )
( -38  21  11 1 )
( -41  -30  -17 -1 )
( 11  45  -42 1 )
( 4  -19  -22 1 )
( 3  2  -35 -1 )
( -2  36  34 -1 )
( -18  17  11 1 )
( -37  13  2 -1 )